isMale,isBlack,isSmoker,isDiabetic,isHypertensive,Age,Systolic,Cholesterol,HDL,Risk
0,0,1,0,0,46,130,135,50,1.8
1,1,1,0,0,71,144,178,88,20.2
0,0,1,0,1,74,183,164,66,46.9
1,1,1,0,0,74,116,184,28,21.5
1,1,0,1,0,61,152,172,100,16.4
0,0,1,1,1,42,184,148,71,4.8
0,0,1,1,0,66,163,147,90,22.7
0,0,1,1,1,50,149,182,47,12.8
1,1,1,1,1,49,197,158,44,47.1
1,1,0,1,1,49,106,196,72,9.8
0,0,1,0,0,47,196,171,49,6.4
0,1,0,1,1,68,134,137,48,19.0
0,0,1,0,0,74,124,196,26,20.1
0,1,1,1,1,54,145,140,50,24.3
1,1,1,0,0,61,192,135,78,22.0
1,0,0,0,1,70,162,163,90,21.5
0,1,1,1,1,40,190,164,67,28.0
1,0,0,0,0,66,125,157,39,12.9
0,0,1,1,1,55,178,149,99,10.0
0,1,1,0,0,70,185,149,34,30.7
0,1,1,1,1,44,117,169,40,10.0
1,1,0,1,0,69,130,183,38,22.2
0,1,1,1,1,64,115,182,44,27.5
0,0,0,1,0,56,166,188,97,4.0
1,1,0,1,0,50,153,147,24,15.1
0,1,1,0,0,49,166,188,61,7.8
1,0,1,1,0,62,177,144,42,37.9
1,1,0,0,1,42,158,152,94,6.5
0,1,0,1,1,42,174,178,40,32.0
0,0,0,0,1,69,175,189,97,17.6
1,0,1,1,1,79,128,195,98,50.2
1,0,0,0,1,40,138,172,67,0.7
0,0,0,1,1,59,160,155,59,9.1
0,0,1,0,0,49,186,137,26,10.5
0,1,0,0,0,46,139,172,97,0.6
0,0,1,0,0,72,115,131,60,13.4
1,0,0,1,0,67,174,189,58,37.4
0,1,0,0,0,62,140,157,45,6.8
1,1,0,0,0,69,119,181,96,8.1
1,0,1,1,0,47,165,160,28,23.7
0,0,1,0,1,74,118,187,27,23.8
0,0,1,0,0,53,132,148,87,2.0
1,1,0,0,0,61,164,153,35,13.4
0,1,0,0,0,45,139,132,68,0.7
0,0,0,0,1,65,183,148,79,10.9
1,1,0,0,1,54,100,161,20,8.2
0,0,1,0,0,40,141,173,62,1.7
0,0,0,0,0,46,168,144,57,0.8
1,0,1,1,0,52,126,133,58,8.2
1,0,0,1,0,57,145,143,76,7.8
0,0,0,0,0,48,151,181,55,1.2
1,0,0,1,1,61,130,185,99,12.2
1,1,1,1,0,74,197,147,83,55.3
0,1,1,1,1,56,130,138,36,24.5
0,0,0,0,1,42,190,157,77,0.7
1,1,1,1,1,61,178,162,88,51.9
0,0,1,0,1,66,169,138,52,20.9
1,1,1,1,1,43,175,153,91,25.2
1,1,0,1,0,58,100,189,91,7.5
0,1,1,0,1,79,127,155,38,22.0
1,1,0,0,0,77,118,152,53,11.6
0,1,1,0,0,61,139,181,71,10.9
0,1,0,0,0,71,185,161,24,17.3
1,1,1,0,1,70,113,147,22,28.5
1,1,1,0,0,67,184,163,20,37.3
1,1,1,0,1,62,102,151,71,13.4
1,0,1,0,0,48,108,145,32,5.1
1,1,1,1,1,52,146,130,77,28.1
1,1,1,0,0,78,91,200,63,13.2
1,1,1,1,1,58,122,143,52,29.9
1,1,1,1,1,75,107,172,40,45.0
0,1,0,0,1,77,133,173,40,13.3
0,1,0,1,1,73,159,190,65,40.2
1,0,0,1,0,79,116,149,95,38.1
0,0,0,1,1,76,146,168,36,47.6
1,0,0,0,0,72,104,172,69,12.2
0,0,1,0,1,67,135,182,25,21.2
0,1,1,0,0,44,123,196,74,0.9
1,1,0,0,1,60,157,171,97,15.2
1,0,1,1,0,43,169,150,94,3.8
1,1,1,0,1,42,165,186,60,14.4
0,1,0,0,1,70,111,134,47,6.3
1,1,1,0,0,49,136,164,92,7.5
1,0,0,1,0,70,174,151,60,40.6
1,1,0,0,0,48,157,181,40,7.1
0,1,1,1,0,46,109,158,69,1.5
1,0,1,1,0,60,150,142,97,15.2
1,1,0,1,1,63,173,133,83,34.0
1,0,1,1,0,54,160,195,99,14.0
0,1,1,0,1,71,139,138,64,20.2
0,0,0,0,1,67,192,132,25,21.1
1,0,1,0,0,69,161,143,58,23.6
0,1,1,0,0,65,103,169,53,8.0
1,1,0,0,1,55,147,156,41,13.8
0,1,1,0,0,68,168,184,87,28.8
0,1,1,1,1,49,112,132,65,4.5
0,1,0,0,1,58,143,168,29,11.3
1,0,1,1,1,66,110,149,25,34.6
1,0,0,0,0,75,179,131,83,30.9
0,1,1,0,0,71,162,144,55,26.1
0,0,0,0,0,56,161,198,90,2.2
0,1,1,1,1,43,153,135,66,10.4
1,0,0,1,0,75,117,199,82,32.5
0,0,0,0,0,58,190,163,76,3.7
0,1,1,1,1,79,158,176,74,73.4
0,0,0,0,0,51,165,174,66,1.5
0,1,0,1,1,65,144,191,75,23.7
0,1,0,1,0,42,146,188,62,2.5
1,1,0,1,1,45,180,165,28,25.3
1,0,0,0,1,41,195,159,39,2.8
1,1,1,1,0,57,90,157,30,13.3
1,1,1,0,0,52,129,147,61,8.6
1,0,0,0,0,46,192,193,70,2.9
0,0,1,1,0,51,181,158,84,6.3
0,0,0,0,0,49,191,157,44,2.4
1,0,1,1,0,59,147,137,57,19.1
1,0,1,1,1,56,156,193,31,42.2
0,0,0,0,0,50,108,153,72,0.4
0,0,0,0,1,57,172,175,25,9.8
1,1,1,0,0,67,136,149,99,14.9
0,1,1,0,0,45,130,145,36,3.7
1,1,1,1,0,59,137,170,93,21.4
0,1,0,0,1,53,135,134,86,2.2
0,1,0,0,1,42,184,194,71,6.4
1,0,1,1,1,76,147,169,37,62.7
1,0,1,1,1,78,166,188,58,70.1
0,0,1,1,1,61,190,192,86,28.0
1,1,1,0,0,44,161,135,79,7.7
1,1,1,0,0,64,113,143,68,10.8
0,0,1,0,0,77,150,145,47,33.9
1,1,0,0,1,57,103,181,28,9.2
1,1,0,0,0,44,123,183,60,3.3
0,1,0,1,1,64,144,139,85,16.5
0,0,1,1,0,48,194,169,56,10.2
1,1,1,0,1,46,169,171,86,16.3
0,1,1,0,0,59,102,200,26,7.7
0,0,1,0,1,54,123,198,69,4.4
0,1,0,0,1,68,142,162,38,11.1
1,0,0,0,1,59,154,132,24,14.6
0,1,0,0,0,79,97,147,84,15.4
0,1,1,1,1,71,199,134,25,58.9
0,0,1,1,0,43,90,156,26,5.7
1,1,1,0,1,52,134,143,38,17.1
1,0,0,0,0,40,121,186,38,1.3
1,1,1,1,1,40,139,166,69,16.0
1,0,0,0,0,40,107,194,20,2.9
0,0,1,0,0,63,141,169,60,9.0
0,1,0,0,1,77,112,186,74,15.3
1,0,0,1,1,73,90,134,23,29.0
0,1,1,0,0,56,164,200,49,16.6
1,1,0,1,0,72,123,163,100,16.5
0,0,1,1,1,63,191,170,53,38.7
0,1,0,1,0,78,90,176,45,23.5
1,1,0,1,1,54,93,133,37,10.5
0,1,1,0,0,55,116,169,100,2.2
1,0,1,0,0,69,178,180,28,41.0
0,0,1,0,1,76,140,165,94,37.3
0,1,1,0,0,70,179,153,95,32.1
1,0,1,0,0,78,175,168,99,38.4
0,1,1,1,0,68,108,159,29,25.0
0,1,1,1,1,66,166,154,36,52.7
0,0,1,1,0,54,102,154,67,3.4
1,1,0,0,1,67,156,133,47,22.0
0,0,0,1,0,53,119,182,48,2.8
0,0,1,1,0,50,200,166,35,20.5
0,0,1,1,1,77,115,181,83,49.3
1,1,0,1,0,78,101,168,71,15.9
1,1,1,0,1,59,108,168,29,17.6
1,1,0,0,0,79,146,163,82,15.9
0,0,0,0,0,78,154,166,61,30.3
0,0,0,0,0,65,144,194,57,6.8
0,0,1,0,1,79,128,130,45,39.3
0,1,0,0,0,63,161,135,97,6.7
0,1,1,1,0,65,121,146,29,25.6
1,1,0,0,0,47,142,153,86,4.3
1,1,1,0,1,49,118,192,45,12.3
0,1,0,1,1,50,153,187,22,45.0
0,0,0,1,0,40,198,190,60,2.0
0,1,1,1,0,61,120,184,44,21.3
1,0,0,1,1,42,98,166,82,0.7
0,1,0,1,1,64,103,169,99,8.4
1,1,1,1,0,47,112,189,53,11.0
1,0,0,0,0,69,113,197,34,16.3
1,1,0,1,0,43,169,191,69,10.0
1,0,0,0,0,77,118,192,92,20.6
0,0,1,0,0,58,163,187,77,6.9
0,0,0,1,0,72,121,147,54,18.3
0,1,1,0,0,47,129,154,69,1.5
0,0,1,1,1,76,94,191,66,32.9
1,0,1,1,1,70,99,150,47,26.7
1,1,1,1,0,56,136,189,74,20.7
1,1,0,1,1,46,164,160,91,16.3
0,1,1,1,0,52,159,180,40,29.4
0,1,0,1,0,65,111,172,77,10.5
0,0,0,0,0,66,96,190,23,4.9
0,0,0,1,0,42,100,144,86,0.2
1,0,1,0,0,43,188,175,65,5.1
1,0,1,1,0,71,155,181,50,48.5
1,1,0,1,0,60,153,162,23,23.5
1,1,1,1,1,43,133,158,56,18.3
0,0,1,1,0,79,159,194,21,60.4
1,1,0,1,1,40,124,188,33,10.0
1,1,1,1,1,40,171,181,23,31.2
0,1,0,0,0,46,116,141,28,1.9
0,1,0,0,0,40,146,137,29,3.7
1,0,1,1,1,50,176,136,24,33.2
0,0,1,1,1,75,107,190,96,37.6
1,1,0,1,0,62,112,177,21,16.0
0,1,1,1,0,46,93,179,22,6.2
0,1,0,0,0,51,200,144,37,14.0
1,1,0,1,0,70,119,150,94,14.6
0,1,0,1,1,50,123,136,26,13.3
0,0,1,0,0,75,188,137,97,41.3
1,0,0,0,1,60,147,161,80,7.5
0,1,1,1,0,52,145,136,66,9.7
1,0,1,0,0,75,184,194,56,42.8
0,0,0,1,1,69,178,164,55,34.5
0,1,1,1,1,44,146,170,75,8.7
1,0,1,0,0,76,96,177,75,15.1
1,0,0,1,0,51,91,198,41,4.9
0,1,1,0,1,44,140,177,73,3.3
0,1,1,1,1,58,156,194,48,44.8
0,1,0,1,1,78,130,164,82,38.7
1,1,1,1,0,59,122,159,58,19.8
1,1,1,1,0,43,136,169,40,13.1
0,1,0,1,0,69,153,180,56,29.9
0,1,0,1,1,48,102,167,25,7.5
0,0,0,1,1,63,182,159,84,15.6
0,0,1,0,0,47,198,145,55,4.3
0,0,1,1,0,50,131,179,99,3.0
0,0,0,0,0,58,100,182,70,1.3
0,0,0,1,1,54,90,183,34,3.4
1,0,1,1,0,42,154,150,38,9.5
0,1,0,0,0,57,112,146,96,1.2
0,0,0,1,0,40,171,140,44,1.5
0,0,1,0,1,49,123,158,43,4.1
1,1,1,0,1,40,118,189,30,8.6
1,0,1,1,0,40,117,151,39,4.9
0,0,0,1,0,48,91,146,69,0.5
0,1,1,1,0,54,112,151,60,6.0
0,1,1,0,0,51,107,184,55,2.0
1,0,0,1,1,51,164,180,82,6.9
0,1,1,0,0,49,198,198,86,10.0
1,1,1,1,1,63,191,165,83,60.5
1,0,0,1,0,73,101,170,34,29.0
0,1,1,1,1,60,94,195,46,13.6
1,0,0,0,1,75,182,179,22,55.3
1,0,0,1,1,55,117,160,29,13.0
0,0,1,1,1,77,137,194,70,61.4
1,1,0,0,1,79,115,182,39,21.5
1,1,1,1,0,67,200,170,28,61.1
1,0,0,1,1,59,123,183,23,25.3
0,0,0,1,0,63,127,190,64,7.6
1,1,0,0,1,62,110,195,86,9.3
0,0,0,0,0,52,150,184,86,1.1
1,0,1,0,0,56,161,180,82,9.6
0,1,0,0,0,48,186,163,85,3.1
1,1,1,0,0,55,129,147,21,13.4
0,0,0,1,0,52,137,154,84,1.5
0,0,1,0,1,68,163,178,49,25.9
0,1,0,0,0,57,159,169,54,6.7
1,1,0,0,0,54,198,166,94,10.7
1,0,1,0,0,55,170,194,20,32.8
0,1,1,1,1,58,111,200,66,15.1
1,0,0,0,0,71,144,199,28,28.9
1,0,0,0,0,62,107,170,36,8.1
0,1,0,1,1,75,120,174,97,32.6
0,1,1,1,0,50,197,163,35,55.5
0,0,1,1,1,63,183,152,27,45.1
0,0,1,0,0,56,170,172,20,18.0
1,1,0,1,1,64,133,176,60,27.0
1,1,1,1,0,60,119,147,97,16.8
0,0,1,1,0,61,116,181,66,9.7
1,1,1,0,1,45,154,139,31,16.5
1,0,0,1,0,42,114,172,74,1.0
0,1,0,0,0,71,188,171,40,20.1
0,1,1,1,0,65,195,149,90,51.6
0,0,1,1,1,40,186,144,38,13.2
0,1,1,0,1,46,129,153,82,2.0
0,0,0,1,0,50,180,131,61,2.3
1,1,1,1,1,55,141,158,86,30.4
0,0,0,0,1,52,192,170,24,9.2
0,1,0,0,1,57,99,182,25,4.3
1,0,1,0,1,61,170,185,48,25.2
0,1,0,0,0,76,157,136,32,13.2
1,0,0,1,1,59,189,141,36,29.1
0,0,0,0,1,48,96,134,61,0.4
0,0,1,0,0,41,108,183,72,0.9
1,1,1,0,1,56,125,161,97,14.2
1,1,0,1,0,61,171,144,32,25.7
1,1,1,0,1,47,138,197,79,12.7
1,1,1,0,1,51,161,194,20,28.8
1,1,0,0,1,48,152,186,43,11.1
0,0,0,0,1,52,128,146,43,1.8
1,1,1,0,1,40,144,185,20,13.8
1,0,1,1,0,52,101,137,54,6.3
0,0,1,0,0,79,103,133,30,20.1
0,1,1,1,0,61,119,188,87,15.4
1,1,0,0,0,53,181,149,98,8.4
0,0,1,1,0,42,114,144,47,2.7
