isMale,isBlack,isSmoker,isDiabetic,isHypertensive,Age,Systolic,Cholesterol,HDL,Risk
0,0,1,1,0,54,154,144,95,5.0
1,1,1,0,1,60,159,155,28,34.1
1,0,0,1,1,59,166,172,85,15.7
0,0,1,1,0,48,98,155,20,9.8
0,1,0,0,0,54,188,150,53,8.7
1,0,0,1,1,63,199,158,32,47.4
0,0,1,1,1,66,127,168,48,25.2
0,0,1,0,0,46,158,130,27,6.3
1,0,1,1,1,73,161,165,63,55.7
1,0,1,1,0,57,113,191,78,11.8
1,0,1,0,0,41,90,160,97,0.6
1,0,1,1,1,76,163,136,88,56.5
1,1,0,0,1,69,191,136,99,27.0
0,1,1,1,1,72,192,143,88,67.5
1,1,1,1,0,50,157,141,48,21.1
1,0,1,0,0,77,105,169,97,17.0
0,0,1,1,1,54,155,134,46,12.8
1,1,1,0,1,52,112,139,99,9.4
1,1,1,0,0,42,165,177,93,7.4
0,0,0,1,1,62,154,198,92,11.0
0,0,1,1,0,64,158,170,48,24.4
1,0,0,1,1,79,152,155,72,62.7
1,0,1,1,0,65,191,146,30,55.6
0,1,0,1,1,56,178,138,100,15.0
1,0,0,0,1,78,126,182,58,31.0
1,0,1,0,1,62,107,188,40,14.3
0,0,1,0,0,49,165,135,95,1.5
0,1,1,1,1,69,135,190,31,45.1
1,0,0,0,1,71,122,141,54,17.1
1,0,0,1,0,70,144,174,31,42.4
0,1,1,0,0,64,139,143,99,10.6
0,0,0,1,0,77,160,171,24,45.4
1,1,0,1,0,64,200,187,76,30.9
0,1,1,0,0,52,103,163,45,2.2
1,0,0,0,0,61,196,159,46,16.4
1,1,0,1,1,40,92,158,86,4.1
1,0,1,0,1,42,117,149,81,1.3
0,0,1,1,1,48,114,181,58,5.2
0,1,0,0,0,66,154,193,84,11.6
0,1,0,1,1,53,98,183,43,4.6
1,0,0,1,0,43,125,163,46,2.3
1,1,0,1,0,44,153,163,96,7.7
0,1,0,0,0,62,159,162,64,8.3
0,1,0,0,1,44,123,170,65,1.1
1,1,1,0,1,79,100,188,65,24.2
1,1,1,1,1,55,103,161,36,23.0
0,1,0,0,0,48,165,145,69,2.3
0,1,0,1,1,48,119,181,84,2.4
0,0,0,1,0,65,156,192,90,12.1
1,0,1,1,1,48,96,153,90,3.1
1,0,1,1,0,44,185,187,91,7.5
0,1,0,1,1,76,163,136,67,36.2
1,0,0,1,1,49,107,150,38,4.5
0,1,0,1,1,65,184,146,44,35.3
0,0,1,1,0,51,126,133,54,4.2
1,0,1,1,1,41,93,154,61,2.3
0,1,0,1,0,62,110,193,80,7.9
0,0,0,0,1,48,135,147,83,0.6
0,0,0,1,1,45,118,193,90,0.8
0,1,0,1,1,71,169,189,63,40.7
1,1,0,1,1,60,124,172,86,18.8
1,1,0,1,1,48,154,158,35,20.8
1,0,0,0,1,69,97,199,38,14.0
1,1,0,1,0,60,157,174,45,20.8
1,1,1,0,0,53,184,183,28,21.7
1,1,1,0,0,41,170,157,50,8.6
1,0,0,1,0,42,118,150,58,1.1
0,1,1,0,1,64,100,184,38,9.5
0,1,0,1,1,61,149,167,76,17.9
0,0,1,1,0,76,185,196,72,68.0
1,1,0,0,0,49,181,135,53,8.1
0,0,0,1,1,63,95,149,22,8.5
1,0,1,1,1,48,171,180,27,36.5
0,0,0,0,1,50,168,166,73,1.6
1,1,0,1,0,55,108,156,50,8.6
0,0,1,0,0,78,128,165,41,27.9
1,0,1,0,1,68,106,184,76,13.3
0,1,0,0,0,59,191,149,33,15.7
1,1,1,1,0,55,147,186,35,27.3
1,1,0,0,0,64,200,175,92,16.4
1,1,0,0,1,54,140,156,93,9.6
1,1,0,0,1,75,149,149,60,25.1
1,0,0,0,0,64,118,166,75,7.0
0,0,1,1,0,70,196,182,83,48.1
1,0,1,1,0,68,162,150,93,32.6
1,1,0,0,1,71,154,149,98,20.6
0,1,0,1,1,73,106,185,84,23.7
1,0,0,1,0,59,192,180,47,26.5
1,1,1,1,1,47,197,150,100,35.5
1,1,1,1,0,57,139,155,61,22.2
0,0,1,1,1,55,176,132,31,24.0
0,1,0,1,0,79,94,192,51,30.3
0,0,1,1,1,46,112,137,50,3.6
0,0,1,0,0,45,162,160,92,1.3
0,0,1,0,1,76,180,189,33,52.0
1,1,1,0,0,57,160,146,36,17.8
1,0,0,1,0,49,167,161,75,4.4
1,0,1,1,1,46,155,182,33,23.9
1,1,0,1,0,57,97,180,69,7.3
0,1,1,1,0,77,95,184,42,41.2
1,0,1,1,1,44,130,190,49,10.7
1,1,0,0,0,72,178,135,34,21.6
0,1,1,0,1,46,188,173,80,12.7
0,0,1,1,1,54,161,190,64,14.4
1,0,0,0,0,55,187,135,38,8.7
1,0,0,1,1,42,149,190,88,1.8
1,0,1,1,0,63,182,181,60,39.8
1,0,1,0,1,48,133,174,30,11.8
1,1,1,0,1,77,188,176,73,56.1
0,1,1,0,0,77,155,137,41,27.8
0,1,0,1,0,72,166,154,26,30.5
1,1,0,0,0,60,90,187,41,4.6
0,0,0,1,1,43,159,156,47,2.4
0,0,0,0,0,49,112,147,91,0.3
1,0,1,1,1,50,118,177,23,25.9
1,1,1,1,0,55,189,154,26,40.6
1,0,1,0,0,44,138,192,48,5.6
1,1,1,1,0,46,199,151,53,25.4
0,1,1,0,1,72,157,194,99,36.1
1,0,1,1,1,44,175,148,85,5.9
1,0,0,0,0,60,116,148,69,4.4
0,0,0,1,1,66,121,197,70,12.7
0,0,1,0,1,44,180,199,91,3.1
0,1,0,0,1,48,153,191,70,4.2
1,0,0,1,1,51,102,164,38,5.8
0,0,1,0,1,72,169,179,65,35.9
1,0,0,0,0,67,189,161,41,26.4
0,1,0,1,0,66,123,182,77,15.5
0,1,0,1,1,53,133,181,44,13.2
0,0,1,1,0,46,129,176,46,6.0
1,1,1,0,0,71,167,176,53,29.0
0,0,0,1,0,61,135,151,66,5.6
1,1,1,0,1,67,174,172,84,38.1
1,1,0,1,1,43,141,143,27,14.6
0,0,1,1,1,69,106,183,85,20.9
0,1,0,0,1,75,134,137,69,12.7
0,1,0,0,1,44,193,200,43,23.3
0,1,1,0,0,49,180,195,26,34.5
1,0,1,0,1,51,170,144,60,8.4
0,0,1,1,0,63,105,139,33,11.7
1,0,1,0,1,58,181,163,33,27.7
1,0,0,1,0,51,109,174,44,5.2
1,0,1,1,1,63,124,135,20,38.8
1,1,0,0,0,79,107,195,28,13.5
0,0,1,1,0,71,200,141,88,50.7
0,1,1,1,1,71,157,146,59,50.6
0,1,0,0,1,50,91,155,36,1.2
1,0,0,1,0,76,179,166,85,56.8
1,1,1,0,0,61,130,192,79,12.7
0,0,1,1,1,59,122,171,33,18.2
1,0,0,1,0,57,96,135,49,5.2
0,0,1,1,1,42,153,148,89,2.2
1,1,0,1,0,46,200,173,97,13.8
1,1,1,1,0,57,136,168,73,20.9
0,0,0,1,1,70,104,146,63,14.1
1,0,1,1,0,65,140,188,25,46.8
0,1,0,0,1,49,115,186,45,2.5
0,1,1,0,1,53,94,135,59,1.7
1,1,1,1,0,42,186,149,31,21.6
1,1,0,0,1,74,126,169,95,16.7
0,1,1,1,0,65,150,134,81,30.1
0,0,1,1,0,66,119,136,76,13.3
0,1,1,0,1,48,167,147,47,16.8
1,1,0,0,0,51,119,177,47,4.8
1,0,1,1,1,47,145,186,89,7.9
0,0,1,1,1,54,91,180,29,9.8
0,1,1,1,0,66,156,130,80,34.3
0,0,1,0,1,71,137,156,80,21.8
0,0,1,0,0,73,175,137,94,30.0
0,0,1,1,0,56,166,174,55,13.8
1,1,1,1,0,65,118,190,100,21.0
0,1,1,0,0,70,103,142,62,11.1
0,1,1,0,1,50,155,199,39,22.0
0,1,1,1,0,72,95,134,49,23.7
1,0,0,1,0,75,195,144,26,72.6
0,0,0,1,0,56,113,159,23,5.7
0,0,0,1,0,56,191,185,40,11.0
0,0,1,0,0,51,180,135,87,2.6
1,0,0,1,1,75,109,135,49,34.5
1,0,1,1,0,68,144,185,38,44.2
0,1,1,0,0,40,102,152,70,0.1
0,1,0,0,0,72,95,176,82,7.8
1,1,0,0,1,65,197,143,45,31.1
1,0,1,0,1,52,146,134,40,9.4
0,0,1,1,0,51,159,182,25,22.7
1,1,1,1,1,73,172,176,68,69.5
0,1,0,1,0,73,186,150,91,46.0
0,1,1,0,0,46,184,131,93,3.2
0,0,1,1,1,72,180,170,78,61.3
1,1,0,1,0,76,97,143,47,15.0
1,1,1,1,0,53,163,152,54,25.1
1,0,0,0,1,43,106,161,41,1.2
0,0,1,0,1,52,108,142,86,1.5
1,0,1,1,0,48,129,185,47,12.1
1,1,0,0,1,68,107,156,82,10.5
1,0,1,1,1,70,166,173,51,55.7
1,0,1,0,1,59,118,181,90,7.7
0,0,1,0,0,54,166,154,97,3.2
1,1,0,1,1,47,162,163,100,16.4
0,1,0,0,0,65,121,175,90,5.4
0,0,0,1,0,78,122,161,93,37.5
1,1,0,0,0,42,97,142,79,1.7
1,0,0,0,1,44,144,157,55,1.5
0,0,0,0,0,42,100,141,79,0.1
0,0,0,1,0,41,90,144,91,0.1
1,1,0,0,0,43,118,195,27,3.8
0,1,0,1,0,52,136,198,65,5.6
0,0,0,0,0,48,95,137,79,0.2
0,1,0,0,1,61,200,167,58,19.7
1,1,1,0,0,43,116,158,93,4.1
0,0,1,1,1,75,171,165,38,69.3
0,0,0,1,0,54,150,180,37,6.2
0,1,1,1,0,55,141,153,64,13.5
1,1,1,1,0,68,161,146,46,41.9
0,1,0,1,0,68,139,143,84,19.4
0,0,1,0,1,43,147,145,95,1.0
1,1,0,1,0,71,199,197,48,42.5
1,1,0,0,1,59,193,131,31,26.5
0,0,1,0,1,70,196,180,76,37.9
0,0,1,1,0,76,175,137,65,63.1
1,0,1,0,0,67,166,132,56,21.4
0,1,1,1,1,73,122,172,53,43.1
0,0,0,0,0,56,111,160,88,0.9
0,1,1,1,1,61,92,169,99,8.4
1,0,0,1,0,47,92,160,38,2.6
0,0,0,1,1,75,163,140,100,51.8
0,1,0,0,1,76,166,178,69,22.2
1,1,0,1,1,44,108,176,45,8.7
0,0,0,1,1,40,198,173,91,1.0
1,0,0,0,0,71,134,199,75,17.6
1,1,1,1,1,67,178,182,60,65.9
0,1,0,1,0,45,107,132,24,3.6
1,1,1,1,1,63,108,134,37,31.3
0,0,0,0,1,56,191,142,28,8.4
1,0,0,0,0,70,136,134,29,20.7
1,0,1,0,0,55,189,167,53,15.4
0,1,0,1,1,72,95,135,32,11.5
0,1,1,1,0,74,177,154,88,71.0
0,1,1,0,1,51,154,140,73,7.4
1,1,1,0,1,48,140,142,100,11.7
1,0,1,0,0,48,138,195,71,5.0
1,1,1,1,0,76,168,176,75,50.5
1,1,0,1,0,72,188,146,23,44.6
1,1,1,0,1,56,171,170,45,30.2
1,1,0,1,1,53,105,133,49,11.5
1,0,1,0,0,68,117,193,85,13.1
1,1,0,1,0,44,150,163,73,8.1
0,1,0,1,1,43,198,170,69,20.6
1,1,0,1,1,70,146,132,77,32.8
0,0,0,1,1,56,112,162,56,3.5
0,1,0,1,1,43,106,157,74,0.8
1,1,1,0,0,72,194,154,84,32.2
1,0,1,1,0,66,179,188,84,39.3
0,0,0,0,1,74,166,137,58,28.7
1,1,0,1,1,72,193,130,59,54.5
1,1,1,1,1,78,114,155,80,44.1
0,0,1,1,1,77,193,170,81,85.4
0,1,1,1,0,49,109,190,41,6.1
0,1,1,0,1,74,169,194,75,41.0
1,1,0,0,1,69,192,142,92,28.1
0,1,1,1,0,78,177,137,24,50.7
0,0,1,0,0,67,124,188,33,12.9
0,1,0,1,1,51,104,187,93,1.8
1,1,1,1,1,43,181,138,61,28.8
1,0,0,0,1,60,138,192,32,15.0
1,1,1,1,1,61,139,133,57,38.8
0,1,1,1,0,68,161,147,24,46.9
1,1,0,1,1,66,154,139,98,30.2
0,1,0,1,0,72,170,149,58,35.5
1,0,1,1,0,58,187,186,63,31.6
0,1,1,1,0,73,154,153,64,56.1
0,0,0,0,0,73,136,169,63,14.0
0,1,0,0,1,67,114,146,39,6.2
0,0,0,1,0,59,125,193,21,10.4
1,1,0,0,1,78,183,178,40,43.1
0,0,0,0,0,63,139,197,85,4.2
1,0,1,0,0,51,156,182,78,6.5
1,0,1,1,1,79,172,193,98,69.4
0,0,0,0,1,43,173,141,77,0.5
0,0,1,1,1,50,196,196,76,13.4
1,0,1,0,1,61,126,193,37,19.1
0,1,0,1,1,62,148,166,87,17.6
0,1,1,1,1,63,153,132,71,32.8
0,1,0,1,1,44,115,177,59,2.3
1,1,0,1,1,64,92,134,52,13.9
1,1,0,0,0,40,142,163,86,3.0
1,1,0,1,0,56,132,167,98,10.6
0,1,1,0,1,60,105,188,86,5.5
0,1,0,1,1,69,158,146,24,27.6
0,1,0,1,0,63,182,172,20,40.8
0,1,1,1,0,69,169,153,28,51.9
0,0,1,1,1,45,167,167,24,29.4
0,1,0,1,0,47,96,167,86,0.4
0,1,0,0,1,72,179,164,31,17.1
1,0,0,0,1,42,143,157,46,1.4
0,1,1,1,1,73,124,199,22,40.5
1,1,1,1,1,67,123,154,95,35.4
0,1,0,0,0,43,196,171,57,5.3
0,1,0,1,1,69,101,175,26,14.2
0,1,1,0,0,49,130,130,60,2.1
