isMale,isBlack,isSmoker,isDiabetic,isHypertensive,Age,Systolic,Cholesterol,HDL,Risk
1,1,0,1,1,49,101,181,32,11.1
0,0,0,1,1,69,167,155,59,30.1
0,1,1,1,1,50,181,147,59,37.6
1,1,1,1,0,42,145,166,46,13.2
0,0,1,0,1,66,134,199,63,15.1
0,0,1,0,1,52,154,174,22,17.3
1,0,1,0,0,40,104,187,52,2.1
1,0,1,1,0,75,136,189,59,46.0
0,0,1,0,1,42,169,179,99,1.7
1,0,0,1,1,65,196,187,46,48.5
1,0,1,1,0,72,154,179,48,50.3
0,1,0,0,1,57,195,188,44,22.9
1,0,0,0,1,43,136,131,48,1.0
1,1,1,0,1,61,129,156,71,19.7
1,0,0,0,1,54,165,197,95,5.1
0,0,1,1,0,67,127,137,72,17.0
1,1,0,0,1,73,140,159,40,24.2
0,1,1,0,1,40,200,181,51,32.0
1,1,1,1,1,64,167,189,92,53.0
0,1,0,1,1,76,192,130,48,37.3
0,0,1,1,0,63,106,145,46,10.3
1,1,0,0,0,74,99,167,57,7.9
0,0,1,1,1,45,146,153,62,4.9
1,1,1,0,1,59,186,170,23,44.6
1,1,0,1,1,60,141,148,68,23.9
1,1,0,1,1,68,119,177,38,28.8
0,1,0,1,1,60,131,135,24,18.5
1,1,0,0,1,54,169,152,90,13.5
1,0,1,0,1,64,143,181,23,32.6
1,1,0,0,0,68,198,194,96,18.8
0,0,0,1,1,56,180,147,49,9.0
0,0,0,0,1,46,119,195,93,0.4
1,0,0,0,1,57,114,187,88,3.7
1,1,1,0,1,59,147,133,50,24.0
0,1,1,0,0,70,165,135,81,25.1
1,1,0,1,1,56,160,145,93,23.3
0,0,1,1,0,73,188,172,91,56.4
1,1,0,0,1,52,126,172,70,8.1
1,0,1,1,0,67,94,189,86,15.6
1,1,0,0,0,60,143,188,50,9.7
0,1,1,1,1,75,181,154,41,60.5
0,0,1,0,0,61,174,163,90,8.5
1,0,0,0,0,59,174,197,97,8.0
0,0,0,0,0,47,167,154,45,1.4
0,1,0,0,0,42,92,184,58,0.1
1,1,0,1,0,67,155,199,72,23.7
0,1,1,0,0,57,161,198,30,23.7
1,0,1,1,0,40,90,160,42,3.2
1,0,0,0,0,41,99,169,39,0.8
0,0,1,1,0,77,178,138,65,68.5
1,1,1,1,1,45,166,164,32,33.9
1,1,1,1,1,68,121,132,87,35.0
0,1,0,1,0,76,111,153,29,19.6
0,1,1,1,0,51,114,162,21,17.5
0,0,1,0,1,76,178,157,39,51.2
0,0,0,0,0,52,192,148,76,1.6
0,1,1,1,0,68,169,147,52,49.4
0,0,0,1,0,47,125,146,49,1.3
1,0,0,1,0,58,113,185,35,13.4
0,1,0,0,1,78,103,139,93,13.1
0,1,1,1,0,41,145,159,89,1.6
0,0,1,0,1,61,101,177,65,5.2
0,0,1,1,1,44,157,130,61,4.1
1,1,0,1,1,79,150,178,20,60.8
1,1,1,0,1,45,169,148,54,16.9
0,1,0,1,0,75,138,149,63,32.1
1,1,0,0,1,41,182,179,45,10.4
0,1,1,0,1,40,148,194,46,9.4
1,1,1,1,0,75,106,142,98,22.5
1,1,0,0,0,75,107,130,95,7.4
0,0,1,1,0,58,102,200,48,8.2
1,1,1,1,1,47,129,189,82,19.9
0,0,1,1,1,70,186,179,90,55.2
0,1,1,1,1,69,123,130,23,29.1
0,1,0,0,0,57,112,199,39,3.4
0,0,0,1,1,69,130,189,29,24.1
1,0,0,0,0,58,91,187,23,7.0
1,1,0,0,0,40,125,183,100,2.3
1,1,1,0,1,53,187,175,39,32.5
0,1,1,1,0,71,150,176,93,56.1
0,1,1,0,1,78,185,137,33,27.3
0,1,1,1,0,59,190,146,50,44.8
0,1,0,0,1,67,99,167,62,4.9
0,1,0,0,1,78,138,193,79,22.2
1,0,0,0,1,62,134,175,57,10.5
1,0,0,1,0,73,102,137,21,32.0
1,1,0,0,0,55,176,138,44,10.8
1,1,0,1,0,46,101,187,23,6.6
0,1,1,0,0,51,136,168,86,2.5
1,0,0,1,1,49,191,131,34,11.4
0,1,1,0,0,52,95,145,68,0.9
0,1,1,1,0,51,184,153,79,18.3
0,1,0,1,0,74,99,187,27,17.7
1,0,1,0,1,73,127,142,31,29.0
1,1,1,0,1,58,183,154,90,29.5
0,0,1,0,1,45,100,168,94,0.7
0,1,0,0,1,66,152,162,54,11.7
1,1,0,1,1,72,169,164,30,55.3
0,0,1,0,0,58,100,196,63,3.3
1,0,1,0,1,79,188,135,64,52.5
0,0,0,0,1,60,167,146,91,4.2
1,0,1,0,0,76,118,154,28,26.9
0,1,0,0,1,49,102,157,38,1.7
1,1,1,0,1,64,124,134,97,18.0
0,1,1,0,0,42,142,156,28,8.3
1,0,0,1,0,71,193,130,78,43.1
1,0,0,0,1,51,189,136,85,3.1
0,0,0,1,0,50,95,174,51,1.2
0,0,0,1,0,72,106,157,29,15.6
1,0,1,1,0,51,100,131,92,3.1
0,0,1,0,0,55,95,136,33,3.0
0,0,1,1,0,71,157,182,99,37.0
0,1,1,1,0,44,175,151,94,5.2
1,0,1,0,0,75,159,150,37,36.7
0,0,0,1,1,49,95,141,62,0.8
0,0,0,0,0,72,135,131,70,11.6
0,0,0,0,0,47,106,197,92,0.3
1,1,0,0,1,46,126,138,40,6.7
0,1,1,1,0,75,196,185,53,78.1
0,0,1,1,1,69,186,154,49,54.5
1,1,1,0,0,70,94,187,69,10.4
1,1,0,1,0,42,192,169,57,12.0
0,1,1,0,0,70,164,177,30,28.6
1,1,0,0,1,49,112,147,46,6.1
1,0,0,1,0,64,108,149,61,11.9
1,1,1,0,0,44,178,161,30,12.8
0,1,0,0,0,51,188,158,77,4.8
1,1,0,0,0,49,119,154,44,4.3
0,0,1,1,1,57,110,173,28,15.6
0,1,1,1,1,69,104,157,25,25.3
0,0,0,1,0,56,114,177,93,1.9
0,0,0,0,1,55,163,148,71,2.5
0,1,1,0,0,76,102,191,85,27.7
1,1,1,1,1,73,128,131,65,46.5
0,1,0,0,1,57,161,193,25,20.3
0,1,0,1,0,63,170,194,27,35.5
1,0,1,1,0,54,184,138,81,14.1
0,0,1,0,1,40,173,155,46,4.9
1,1,0,0,1,47,94,153,97,3.2
0,0,1,1,0,51,161,163,36,13.7
0,1,0,1,0,48,187,170,39,24.0
1,0,0,1,1,49,144,150,64,4.3
0,0,1,1,0,76,117,136,96,37.1
1,1,1,1,1,69,104,193,78,32.2
1,1,0,1,1,53,151,170,69,21.2
1,0,0,0,0,63,121,178,41,10.3
1,0,1,1,1,50,191,155,64,17.9
1,1,0,1,0,76,193,190,61,43.4
0,0,0,0,0,67,143,197,96,7.1
1,0,1,0,0,42,119,171,81,1.5
1,0,1,1,1,70,118,137,50,32.5
0,1,1,1,1,48,189,173,55,49.7
1,1,1,0,0,46,109,173,55,5.2
1,1,0,0,0,60,115,178,38,7.1
1,1,1,0,0,46,116,180,69,5.5
1,0,1,1,1,62,144,136,23,43.0
1,1,0,1,0,67,168,132,77,23.7
0,1,0,0,1,50,144,186,50,5.9
0,0,0,1,1,70,168,165,65,33.8
0,0,1,0,0,50,154,131,31,5.8
1,1,0,0,1,71,161,179,97,23.4
1,1,1,1,0,50,189,191,38,32.3
0,0,1,0,1,67,197,192,77,30.1
0,1,1,1,1,54,122,135,42,15.9
1,1,1,0,0,47,190,193,33,17.0
1,0,1,1,1,40,151,170,69,5.0
0,0,0,1,1,43,125,174,86,0.6
1,0,0,0,1,44,169,183,23,7.9
0,0,1,1,0,43,146,171,63,3.8
0,1,1,1,0,74,124,164,63,48.3
1,1,0,1,1,77,131,198,29,46.4
0,0,1,1,0,61,92,164,22,11.4
0,1,0,1,0,49,187,194,87,9.2
1,0,1,0,1,69,164,173,99,24.5
0,0,1,0,1,64,178,155,39,23.1
1,0,1,1,0,40,104,142,80,1.3
1,1,1,0,0,43,129,196,91,5.3
1,1,0,1,1,62,160,166,50,35.0
0,1,0,0,1,62,117,133,34,5.1
1,0,0,1,0,48,151,142,63,3.3
1,1,0,0,0,71,105,192,22,10.9
0,0,0,0,1,46,96,136,51,0.4
1,1,0,1,0,74,142,195,20,35.2
0,1,0,0,0,51,149,155,35,5.4
0,1,1,0,0,60,121,172,96,5.4
1,1,0,0,1,72,158,183,64,26.2
0,1,0,1,1,44,178,193,85,10.1
0,0,0,0,1,74,195,140,88,37.2
0,0,1,0,1,43,146,178,29,10.7
0,0,1,1,1,61,182,140,72,23.4
0,0,0,1,1,75,128,152,74,36.2
1,1,0,0,0,62,192,135,65,14.6
1,1,0,1,0,45,145,154,93,7.4
1,0,0,1,0,71,174,176,74,42.9
0,1,0,0,0,58,160,144,83,4.6
1,1,1,0,0,77,123,182,34,24.3
0,0,1,0,1,56,193,138,95,6.7
1,1,0,1,1,56,129,154,93,16.4
1,0,0,1,1,74,175,146,79,54.4
1,0,0,0,0,41,91,156,59,0.3
1,1,0,1,1,77,197,130,45,65.0
1,1,0,1,0,69,140,150,66,20.4
0,1,0,0,1,72,125,164,60,10.8
1,1,0,0,1,61,120,173,96,9.8
1,0,1,1,1,79,128,160,76,51.1
1,1,1,1,1,57,120,141,42,29.6
0,1,0,1,0,66,106,187,56,12.1
1,1,1,0,1,69,161,175,44,42.0
0,1,1,1,0,70,132,149,72,38.5
1,0,0,0,0,61,170,164,75,9.6
1,0,1,1,0,58,127,184,25,33.0
0,0,1,0,1,67,186,154,58,27.3
1,0,1,1,1,73,187,167,79,62.4
1,1,1,1,0,40,93,161,71,4.8
1,1,1,0,0,68,155,131,63,20.8
1,1,0,0,0,41,126,184,21,4.0
0,0,0,0,1,71,196,186,60,29.2
1,1,1,1,1,56,174,187,25,58.2
0,0,0,1,0,57,179,185,20,18.2
1,1,1,0,1,46,200,195,64,24.4
0,1,0,1,1,78,157,188,56,43.3
0,0,1,1,0,61,189,170,96,18.1
0,1,1,0,1,46,90,170,97,0.3
1,0,1,0,1,69,124,131,59,17.1
0,0,1,1,1,74,181,176,44,70.6
0,1,1,0,0,68,118,196,64,15.8
0,0,0,1,0,65,175,135,83,13.0
1,0,0,1,1,68,154,176,45,41.1
1,1,1,1,1,48,150,167,61,28.1
1,1,1,0,0,76,141,176,73,23.7
0,0,0,0,0,76,181,169,35,31.1
0,0,0,1,1,67,135,197,59,18.3
0,0,0,0,1,69,148,169,72,13.3
1,1,0,1,1,69,188,182,83,48.9
0,0,0,1,0,47,182,193,26,9.9
0,0,1,0,1,56,133,145,57,5.3
1,1,1,1,0,78,152,146,66,45.9
1,1,0,1,0,52,178,149,52,17.1
1,0,1,0,1,49,150,186,47,10.6
1,0,1,1,1,75,137,176,62,50.5
1,0,1,1,1,40,152,130,54,4.2
0,1,0,1,0,69,103,198,92,16.1
0,1,1,0,1,61,138,136,33,15.5
0,1,0,0,0,56,90,182,85,0.7
0,0,0,0,0,61,190,147,50,6.6
0,1,0,0,0,66,106,187,83,4.9
1,1,0,0,0,41,142,190,39,4.2
1,1,1,1,1,65,117,160,69,33.8
1,1,0,1,0,53,94,199,100,5.4
1,0,0,0,1,43,122,135,28,1.8
1,1,0,0,1,65,105,184,96,9.1
0,0,0,1,0,59,181,178,67,8.6
0,1,1,0,0,54,116,176,41,4.9
0,0,1,0,1,55,188,146,48,11.2
0,1,0,1,1,64,123,184,94,14.1
1,0,1,0,1,56,132,181,29,18.7
1,0,1,0,0,50,108,145,70,2.6
1,1,1,0,1,70,129,143,56,27.6
0,1,0,0,0,73,94,190,44,7.9
1,1,1,1,0,46,110,198,99,8.6
0,0,0,0,0,54,94,132,80,0.4
1,0,1,0,0,63,189,148,94,16.2
0,1,0,0,1,53,140,164,80,3.2
0,0,0,1,1,48,138,181,84,1.5
0,0,0,1,1,54,181,142,26,13.1
0,0,0,0,0,42,143,160,54,0.6
1,0,1,0,1,60,130,133,73,8.7
1,0,0,0,0,74,95,169,37,15.2
1,0,0,1,1,69,193,172,69,49.6
0,1,1,0,1,61,105,139,80,4.8
1,0,1,1,1,76,137,146,81,47.3
0,1,0,1,1,58,198,139,46,38.0
0,1,0,0,1,70,125,135,40,7.8
1,0,0,1,0,50,181,161,72,6.0
1,1,0,0,1,68,99,166,61,10.1
0,1,1,0,0,63,98,173,69,5.3
0,0,1,1,1,72,118,188,100,33.1
0,1,1,0,1,73,156,137,90,28.4
1,1,1,0,1,70,120,176,84,23.2
0,1,1,0,0,45,170,158,72,3.8
0,1,1,0,0,70,183,133,41,28.0
1,1,0,0,1,58,156,178,46,17.4
0,0,1,1,1,63,124,139,25,23.6
1,1,0,1,0,73,183,187,41,40.9
0,0,0,1,0,57,105,141,29,3.9
0,0,1,1,0,49,189,174,78,7.1
0,0,1,0,0,43,122,159,76,0.9
0,1,0,0,0,74,106,185,64,11.4
1,1,0,0,0,75,137,136,84,11.9
1,0,0,0,1,73,130,161,21,32.0
0,1,1,1,0,60,145,167,94,19.8
1,1,0,0,0,43,191,180,98,5.9
0,1,1,0,1,47,200,190,38,52.1
1,0,1,1,1,66,177,177,21,71.2
1,1,1,0,1,66,117,139,58,20.3
0,0,1,1,1,49,99,186,37,7.8
0,1,0,0,0,71,194,156,95,22.1
0,1,0,1,1,60,126,172,33,17.2
0,0,0,1,1,68,105,167,81,11.0
0,0,0,0,1,60,194,151,40,9.9
