isMale,isBlack,isSmoker,isDiabetic,isHypertensive,Age,Systolic,Cholesterol,HDL,Risk
0,0,1,1,1,54,180,137,35,22.1
1,0,0,1,1,65,110,134,36,19.2
0,1,0,1,1,61,160,199,81,24.0
1,1,1,0,1,47,176,156,20,26.5
1,1,0,0,0,57,134,141,22,9.0
0,1,0,0,0,46,149,161,44,2.9
1,0,0,1,1,78,153,134,63,60.2
1,1,1,0,0,52,90,174,63,4.8
0,0,1,1,1,50,94,192,22,14.1
1,0,0,1,0,79,196,170,51,76.8
0,1,1,0,1,57,96,133,71,2.4
1,1,1,0,1,40,117,157,48,7.0
1,0,1,1,1,78,121,184,37,53.8
1,1,0,1,0,45,153,199,89,8.8
1,1,0,0,1,52,142,151,71,9.7
1,0,1,0,1,42,125,185,40,5.7
0,1,1,0,1,54,141,163,38,15.0
1,0,1,1,0,75,122,170,46,41.4
1,0,0,0,0,62,175,141,57,11.8
1,0,1,0,1,58,159,173,96,10.9
0,1,0,1,1,44,165,148,66,9.0
0,0,1,1,1,68,125,167,67,26.1
0,0,1,1,0,45,111,140,21,9.9
0,0,1,0,0,46,115,163,50,2.0
0,0,0,0,1,51,103,168,80,0.6
1,1,1,0,1,67,185,193,53,47.4
1,0,1,0,1,41,115,155,23,7.0
1,1,0,0,0,77,97,179,100,7.2
1,0,0,0,1,45,112,194,34,2.9
1,0,1,1,0,47,109,199,35,13.2
0,1,1,1,0,57,107,158,76,6.3
0,0,1,1,1,54,192,181,71,17.3
0,0,0,1,0,66,117,192,69,8.9
1,0,0,1,1,65,116,151,92,13.5
0,1,0,1,0,61,107,180,42,8.4
1,1,1,0,0,65,129,135,82,13.0
0,1,1,0,0,74,158,197,84,41.4
0,0,1,1,1,71,187,184,83,60.5
0,0,1,0,0,77,141,133,50,30.8
0,1,0,1,1,77,107,155,74,27.1
1,1,1,1,1,67,102,159,69,28.9
0,0,1,1,0,52,128,144,28,10.7
0,0,0,1,0,58,156,141,58,5.3
1,0,0,1,1,56,136,143,79,7.1
0,0,0,0,1,72,196,150,27,33.3
1,0,0,1,0,43,189,144,57,2.8
0,0,0,0,1,56,118,185,65,2.0
1,0,0,0,1,48,185,131,80,2.0
1,1,1,1,1,79,104,169,53,44.4
0,1,0,1,1,57,138,139,59,11.2
0,1,0,0,1,51,96,162,25,2.7
0,0,0,1,1,78,189,189,98,78.5
1,1,0,1,1,67,134,164,27,36.0
0,1,0,1,1,69,133,164,95,23.0
1,1,1,0,0,55,184,179,81,17.5
1,0,1,1,0,42,167,153,24,20.3
1,1,1,1,1,65,137,133,98,37.7
1,1,1,0,0,59,126,169,82,10.7
0,1,1,0,1,40,171,158,75,5.5
0,0,1,1,1,46,156,192,20,39.3
0,1,1,0,0,46,177,138,70,4.7
1,0,0,0,0,52,116,144,91,1.3
1,0,1,1,0,71,188,191,20,76.5
1,1,1,1,0,46,103,133,70,7.6
1,0,1,1,0,40,152,166,20,22.7
1,0,1,0,1,54,162,166,59,11.8
1,1,1,1,1,52,190,162,85,43.2
1,1,1,1,1,64,145,197,25,58.1
0,0,1,1,0,43,169,177,53,7.2
1,1,0,0,0,73,173,200,56,20.6
1,1,1,0,0,66,162,146,73,20.7
1,1,1,0,1,42,181,155,58,16.2
1,1,1,1,1,67,178,156,55,65.2
1,1,0,0,1,65,135,136,21,20.2
0,0,1,0,0,58,105,135,48,3.2
0,0,0,1,1,48,196,177,31,11.3
0,1,1,1,1,68,162,137,82,46.3
0,1,0,1,1,45,184,146,98,7.7
1,1,1,0,1,77,160,142,99,40.3
1,1,0,1,0,78,182,179,34,47.3
0,0,1,1,1,79,134,194,67,67.0
0,0,0,1,0,59,181,174,54,9.9
1,0,0,0,1,58,129,165,41,8.3
0,1,0,1,0,76,114,186,68,33.2
0,0,1,1,1,70,125,189,94,30.4
1,0,0,1,0,62,177,145,82,17.9
1,1,0,0,1,56,127,135,22,12.7
1,0,0,1,0,41,116,140,58,0.8
1,1,1,1,0,75,172,160,64,51.5
1,0,0,1,1,53,104,151,69,3.7
0,1,1,0,0,48,174,193,34,21.0
1,0,1,1,1,48,120,150,29,15.4
1,1,0,1,1,65,100,191,84,16.0
1,0,0,0,1,51,125,140,69,1.9
1,0,0,0,0,47,179,164,58,2.8
1,0,1,1,1,42,110,175,67,3.9
0,1,0,1,0,75,123,130,56,23.9
1,1,1,0,1,76,178,179,30,61.3
0,1,1,1,0,65,139,169,66,32.3
0,1,0,0,0,57,182,146,38,11.7
